1 0 125 200 90
1 0 125 600 90
1 0 125 1000 90
1 0 125 1400 90
1 0 125 1800 90
1 2000 125 200 90
1 2000 125 600 90
1 2000 125 1000 90
1 2000 125 1400 90
1 2000 125 1800 90
1 200 125 0 0
1 600 125 0 0
1 1000 125 0 0
1 1400 125 0 0
1 1800 125 0 0
1 200 125 2000 0
1 600 125 2000 0
1 1000 125 2000 0
1 1400 125 2000 0
1 1800 125 2000 0
2 750 50 750 90
3 1500 85 700 0
3 700 85 700 0
1 1067 125 765 0
1 1240 125 928 -90
1 1853 125 1744 -45
2 1206 50 559 90
2 1740 50 378 135
2 1277 50 335 135
2 720 50 327 -135
2 236 50 760 -135
1 756 125 905 45
1 479 125 1179 45
1 204 125 1458 45
1 1788 125 537 -179
1 1116 125 1258 -135
1 836 125 1539 -135
1 1433 125 1112 179
