3 7320 0 6362 0
3 7316 0 6287 0
3 7322 0 6201 0
3 7325 0 6078 0
3 7332 0 5910 0
3 7405 0 5948 0
3 7410 0 6134 0
3 7411 0 6239 0
3 7413 0 6443 0
3 7406 0 6563 0
3 7403 0 6628 0
3 7389 0 6740 0
3 7380 0 6819 0
3 7289 0 6866 0
3 7213 0 6828 0
3 7213 0 6740 0
3 7280 0 6605 0
3 7323 0 6524 0
3 7339 0 6452 0
3 7127 0 6525 0
3 7049 0 6459 0
3 7055 0 6192 0
3 7129 0 6012 0
3 7202 0 5886 0
3 7219 0 5823 0
3 7314 0 5832 0
3 7422 0 5800 0
3 7442 0 5753 0
3 7204 0 6126 0
3 7181 0 6303 0
3 7144 0 6232 0
3 7278 0 7034 0
3 7022 0 7019 0
3 7022 0 7019 0
3 6895 0 7225 0
3 6737 0 7220 0
3 7001 0 7296 0
3 7140 0 7288 0
3 7359 0 7307 0
3 7113 0 6856 0
3 6716 0 6511 0
3 6701 0 7033 0
3 6263 0 7231 0
3 6369 0 6914 0
3 6708 0 6778 0
3 6980 0 6726 0
3 6852 0 6612 0
3 6384 0 6495 0
3 6148 0 7157 0
3 5938 0 7255 0
3 5819 0 7322 0
3 5914 0 7385 0
3 6361 0 7319 0
3 6510 0 7350 0
3 6658 0 7401 0
3 6665 0 7093 0
3 6562 0 6933 0
3 6444 0 7129 0
3 6171 0 7115 0
3 6024 0 7108 0
3 5882 0 7230 0
3 6047 0 6938 0
3 6286 0 6750 0
3 6481 0 6732 0
3 6701 0 6694 0
3 6824 0 6380 0
3 6952 0 6237 0
3 7291 0 5518 0
3 7419 0 5561 0
3 7379 0 5698 0
3 7257 0 5707 0
3 7393 0 5648 0
3 7147 0 5652 0
3 7332 0 5388 0
3 7372 0 5251 0
3 7419 0 5198 0
3 7113 0 5530 0
3 7001 0 6019 0
3 6945 0 6083 0
3 6672 0 6073 0
3 6481 0 6091 0
3 6376 0 6356 0
3 6658 0 6132 0
3 6867 0 5707 0
3 6852 0 5506 0
3 6599 0 5594 0
3 6628 0 5850 0
3 6909 0 5792 0
3 7036 0 5623 0
3 6973 0 5081 0
3 6766 0 5073 0
3 6687 0 5147 0
3 6838 0 5221 0
3 7099 0 5121 0
3 7230 0 4990 0
3 7413 0 4896 0
3 7257 0 5080 0
3 6888 0 5359 0
3 6679 0 5414 0
3 6672 0 5061 0
3 6716 0 4849 0
3 6923 0 4658 0
3 7071 0 4633 0
3 7312 0 4661 0
3 7386 0 4618 0
3 7043 0 4887 0
3 6945 0 4853 0
3 7161 0 4743 0
3 7332 0 4770 0
3 7466 0 4694 0
3 7426 0 4340 0
3 7419 0 4220 0
3 7182 0 4535 0
3 7379 0 4448 0
3 7446 0 4361 0
3 7332 0 4090 0
3 7325 0 4083 0
3 7284 0 4337 0
3 7133 0 4422 0
3 6916 0 4574 0
3 6824 0 4572 0
3 6730 0 4550 0
3 6902 0 4373 0
3 7036 0 4252 0
3 7154 0 4170 0
3 7278 0 4165 0
3 7386 0 4072 0
3 7493 0 3972 0
3 7433 0 3896 0
3 7175 0 4013 0
3 6923 0 4149 0
3 6694 0 4279 0
3 6781 0 4126 0
3 7008 0 3883 0
3 7196 0 3775 0
3 7426 0 3702 0
3 7264 0 3777 0
3 7113 0 3961 0
3 6859 0 3999 0
3 6781 0 4002 0
3 6845 0 3774 0
3 7085 0 3555 0
3 7209 0 3581 0
3 7379 0 3531 0
3 7446 0 3625 0
3 7209 0 3638 0
3 6945 0 3776 0
3 6945 0 3776 0
3 6867 0 3552 0
3 6852 0 3540 0
3 6987 0 3405 0
3 7189 0 3373 0
3 7264 0 3398 0
3 7106 0 3502 0
3 7106 0 3324 0
3 7271 0 3163 0
3 7312 0 2933 0
3 7106 0 1442 0
3 6665 0 1252 0
3 6466 0 2535 0
3 6916 0 2973 0
3 7113 0 1499 0
3 7196 0 1513 0
3 7029 0 2754 0
3 7298 0 3142 0
3 7029 0 3241 0
3 6966 0 3182 0
3 7050 0 3009 0
3 7230 0 2926 0
3 7379 0 3029 0
3 7480 0 3196 0
3 7486 0 3133 0
3 7453 0 2767 0
3 7078 0 2847 0
3 7043 0 2919 0
3 6888 0 2846 0
3 6859 0 2718 0
3 6994 0 2563 0
3 7168 0 2555 0
3 7202 0 2566 0
3 6859 0 1975 0
3 6795 0 1443 0
3 6874 0 1044 0
3 7175 0 1169 0
3 7312 0 1262 0
3 7359 0 1137 0
3 7379 0 1496 0
3 7406 0 1346 0
3 7071 0 1281 0
3 7043 0 1153 0
3 6859 0 1528 0
3 6802 0 1761 0
3 6708 0 1944 0
3 6730 0 3032 0
3 6665 0 3435 0
3 6577 0 4028 0
3 6481 0 4139 0
3 6429 0 3345 0
3 6599 0 2490 0
3 6606 0 1946 0
3 6606 0 1539 0
3 6628 0 1244 0
3 6679 0 1037 0
3 6766 0 890 0
3 7050 0 884 0
3 7182 0 934 0
3 7085 0 1026 0
3 7133 0 996 0
3 7359 0 986 0
3 7419 0 939 0
3 7426 0 713 0
3 7406 0 518 0
3 7168 0 591 0
3 7120 0 658 0
3 6859 0 733 0
3 6773 0 696 0
3 7078 0 777 0
3 7237 0 798 0
3 7298 0 712 0
3 7078 0 489 0
3 6852 0 506 0
3 6716 0 536 0
3 6824 0 258 0
3 7008 0 241 0
3 7175 0 292 0
3 7312 0 303 0
3 7399 0 272 0
3 7419 0 92 0
3 7230 0 -38 0
3 6831 0 77 0
3 6759 0 6 0
3 6838 0 -174 0
3 6994 0 -190 0
3 7182 0 -157 0
3 7352 0 -158 0
3 7379 0 -388 0
3 7078 0 -615 0
3 6781 0 -647 0
3 6759 0 -605 0
3 6831 0 -433 0
3 6938 0 -344 0
3 7182 0 -507 0
3 7271 0 -641 0
3 7099 0 235 0
3 6973 0 -18 0
3 6994 0 -48 0
3 7168 0 -25 0
3 7064 0 424 0
3 6980 0 328 0
3 6980 0 328 0
3 6981 0 -1420 0
3 6727 0 -1225 0
3 6935 0 -1082 0
3 7141 0 -867 0
3 7276 0 -1065 0
3 6762 0 -968 0
3 7004 0 -848 0
3 7243 0 -1107 0
3 7433 0 -1166 0
3 7466 0 -999 0
3 7288 0 -1452 0
3 7164 0 -1624 0
3 6750 0 -968 0
3 6645 0 -884 0
3 6622 0 -1709 0
3 6645 0 -1537 0
3 6785 0 -1404 0
3 7118 0 -1321 0
3 7084 0 -1712 0
3 7321 0 -2047 0
3 7400 0 -1730 0
3 7231 0 -1905 0
3 7027 0 -2095 0
3 6889 0 -1560 0
3 6832 0 -2105 0
3 7027 0 -2200 0
3 7355 0 -2265 0
3 7400 0 -2440 0
3 7016 0 -2169 0
3 7004 0 -1853 0
3 6820 0 -1840 0
3 6669 0 -2082 0
3 6657 0 -2499 0
3 6935 0 -2407 0
3 6947 0 -2311 0
3 7141 0 -2499 0
3 7231 0 -2524 0
3 6704 0 -2336 0
3 6645 0 -2340 0
3 6587 0 -3158 0
3 6774 0 -3206 0
3 6889 0 -2930 0
3 7175 0 -2938 0
3 7198 0 -2747 0
3 6504 0 -2789 0
3 6750 0 -2845 0
3 7118 0 -2753 0
3 6820 0 -2659 0
3 6820 0 -2659 0
3 7175 0 -2654 0
3 7355 0 -2746 0
3 7355 0 -3195 0
3 7333 0 -3365 0
3 6727 0 -3285 0
3 6587 0 -3341 0
3 6669 0 -3568 0
3 6912 0 -3565 0
3 7004 0 -3312 0
3 7016 0 -3184 0
3 7096 0 -3198 0
3 7198 0 -3073 0
3 7388 0 -3244 0
3 7310 0 -3744 0
3 7299 0 -3933 0
3 7016 0 -3734 0
3 7073 0 -3685 0
3 7164 0 -3644 0
3 6692 0 -4025 0
3 6634 0 -3818 0
3 6785 0 -3929 0
3 7107 0 -4093 0
3 7288 0 -4113 0
3 7310 0 -4455 0
3 7061 0 -4436 0
3 6785 0 -4238 0
3 6657 0 -4265 0
3 6808 0 -4480 0
3 7073 0 -4572 0
3 7141 0 -4225 0
3 7130 0 -4290 0
3 6889 0 -4331 0
3 7061 0 -4077 0
3 7039 0 -3942 0
3 6901 0 -4128 0
3 6645 0 -4470 0
3 6970 0 -4670 0
3 7073 0 -4709 0
3 7220 0 -4814 0
3 7344 0 -4817 0
3 6634 0 -4944 0
3 6692 0 -4855 0
3 6924 0 -4841 0
3 7096 0 -5042 0
3 7333 0 -5224 0
3 7400 0 -5199 0
3 6797 0 -4604 0
3 6715 0 -4779 0
3 6704 0 -4918 0
3 6797 0 -5211 0
3 6981 0 -5303 0
3 7175 0 -5425 0
3 6727 0 -5120 0
3 6797 0 -5147 0
3 7096 0 -5273 0
3 7276 0 -5470 0
3 6924 0 -5541 0
3 6657 0 -5360 0
3 6715 0 -5686 0
3 7377 0 -6391 0
3 7344 0 -6802 0
3 7355 0 -7031 0
3 7366 0 -7322 0
3 7355 0 -7386 0
3 7039 0 -7433 0
3 6774 0 -7429 0
3 6492 0 -7319 0
3 6539 0 -7259 0
3 6924 0 -7248 0
3 7096 0 -7329 0
3 7220 0 -7301 0
3 6924 0 -7100 0
3 6575 0 -7201 0
3 6480 0 -7084 0
3 6820 0 -7018 0
3 6970 0 -6882 0
3 7254 0 -6971 0
3 7231 0 -7142 0
3 6958 0 -6968 0
3 6598 0 -6897 0
3 6622 0 -6894 0
3 6889 0 -6680 0
3 7164 0 -6741 0
3 7355 0 -6759 0
3 7400 0 -6639 0
3 7016 0 -6569 0
3 6727 0 -6838 0
3 6480 0 -6826 0
3 6680 0 -6684 0
3 6808 0 -6519 0
3 6551 0 -6549 0
3 6645 0 -6131 0
3 6797 0 -5860 0
3 7310 0 -6419 0
3 7141 0 -6428 0
3 6397 0 -6782 0
3 6289 0 -7153 0
3 6265 0 -7243 0
3 5962 0 -7296 0
3 5577 0 -7326 0
3 5208 0 -7287 0
3 4804 0 -7353 0
3 4444 0 -7355 0
3 4144 0 -7337 0
3 5965 0 -6882 0
3 5973 0 -7079 0
3 5950 0 -7104 0
3 5788 0 -7105 0
3 5613 0 -7069 0
3 5858 0 -6598 0
3 6050 0 -6578 0
3 5296 0 -6654 0
3 5112 0 -7216 0
3 5431 0 -7140 0
3 4918 0 -6925 0
3 5093 0 -6847 0
3 5158 0 -6998 0
3 4817 0 -6824 0
3 4591 0 -6700 0
3 4700 0 -6504 0
3 5249 0 -6470 0
3 5851 0 -6252 0
3 6249 0 -6302 0
3 6143 0 -6625 0
3 5590 0 -6791 0
3 4480 0 -6720 0
3 3945 0 -6701 0
3 4059 0 -7093 0
3 3849 0 -7172 0
3 4295 0 -6948 0
3 4643 0 -7121 0
3 4731 0 -7152 0
3 3806 0 -7178 0
3 3806 0 -7178 0
3 3593 0 -6471 0
3 3614 0 -7034 0
3 3330 0 -7092 0
3 3409 0 -6780 0
3 3172 0 -7086 0
3 3472 0 -7242 0
3 3645 0 -7290 0
3 3804 0 -7298 0
3 4033 0 -7324 0
3 4033 0 -7324 0
3 4528 0 -7200 0
3 4517 0 -7082 0
3 4541 0 -7100 0
3 4793 0 -6855 0
3 4999 0 -6547 0
3 5083 0 -6584 0
3 4889 0 -6511 0
3 4604 0 -6466 0
3 3773 0 -6557 0
3 3740 0 -6627 0
3 3653 0 -6701 0
3 3359 0 -6712 0
3 3171 0 -6611 0
3 3267 0 -6506 0
3 2626 0 -6458 0
3 2078 0 -6895 0
3 2088 0 -6841 0
3 2172 0 -7156 0
3 2372 0 -7251 0
3 2323 0 -7172 0
3 2306 0 -7292 0
3 2288 0 -7352 0
3 1920 0 -7186 0
3 1839 0 -6980 0
3 1885 0 -6732 0
3 1616 0 -6483 0
3 1768 0 -6350 0
3 1926 0 -6368 0
3 1619 0 -7205 0
3 1469 0 -6842 0
3 1448 0 -6644 0
3 1773 0 -6721 0
3 1782 0 -6877 0
3 1660 0 -6881 0
3 1660 0 -6983 0
3 1319 0 -7065 0
3 1169 0 -7084 0
3 1081 0 -6611 0
3 1261 0 -6730 0
3 1263 0 -6750 0
3 1058 0 -7026 0
3 841 0 -6874 0
3 770 0 -6730 0
3 371 0 -6655 0
3 311 0 -6551 0
3 385 0 -6556 0
3 431 0 -7320 0
3 557 0 -7042 0
3 296 0 -7055 0
3 494 0 -6704 0
3 58 0 -6781 0
3 131 0 -6166 0
3 30 0 -6746 0
3 449 0 -5782 0
3 786 0 -5903 0
3 806 0 -6058 0
3 1038 0 -5886 0
3 1166 0 -6058 0
3 1189 0 -5964 0
3 572 0 -6149 0
3 413 0 -6508 0
3 318 0 -6294 0
3 -68 0 -6368 0
3 18 0 -6381 0
3 -75 0 -5781 0
3 -300 0 -6834 0
3 -235 0 -6371 0
3 -368 0 -6033 0
3 -337 0 -6223 0
3 -775 0 -6600 0
3 -597 0 -6101 0
3 -745 0 -6858 0
3 -639 0 -6861 0
3 -505 0 -6620 0
3 -1148 0 -6519 0
3 -946 0 -6148 0
3 -966 0 -5961 0
3 -1229 0 -6780 0
3 -1248 0 -6034 0
3 -1888 0 -6807 0
3 -1545 0 -6452 0
3 -1147 0 -6063 0
3 -822 0 -6445 0
3 -480 0 -6170 0
3 -1119 0 -5928 0
3 -1442 0 -5926 0
3 -858 0 -5785 0
3 -584 0 -5884 0
3 -494 0 -5810 0
3 -376 0 -5834 0
3 -243 0 -5798 0
3 29 0 -6069 0
3 -120 0 -6135 0
3 -129 0 -6126 0
3 273 0 -5765 0
3 317 0 -6077 0
3 370 0 -6220 0
3 59 0 -6821 0
3 -239 0 -6771 0
3 -294 0 -6578 0
3 -111 0 -6577 0
3 -706 0 -6168 0
3 -706 0 -6226 0
3 -678 0 -6368 0
3 -405 0 -6446 0
3 -1200 0 -6252 0
3 -1368 0 -6267 0
3 -1408 0 -6320 0
3 -1082 0 -6397 0
3 -985 0 -6826 0
3 -956 0 -6852 0
3 -1438 0 -6729 0
3 -1559 0 -6821 0
3 -1368 0 -7207 0
3 -802 0 -6895 0
3 -386 0 -7002 0
3 -94 0 -7043 0
3 -186 0 -7034 0
3 34 0 -7086 0
3 170 0 -7305 0
3 -326 0 -7251 0
3 -1258 0 -7072 0
3 -784 0 -7109 0
3 -591 0 -7203 0
3 -651 0 -7147 0
3 -1333 0 -7065 0
3 -1493 0 -7076 0
3 -1313 0 -7114 0
3 -1933 0 -7328 0
3 -1710 0 -6944 0
3 -1738 0 -7161 0
3 -2180 0 -6878 0
3 -1811 0 -6543 0
3 -1713 0 -6558 0
3 -1617 0 -6333 0
3 -1731 0 -5802 0
3 -1993 0 -6216 0
3 -1677 0 -6452 0
3 -1695 0 -6099 0
3 -1939 0 -6250 0
3 -2131 0 -5999 0
3 -2168 0 -6459 0
3 -2012 0 -5858 0
3 -2402 0 -6595 0
3 -2205 0 -6681 0
3 -1966 0 -6724 0
3 -2159 0 -7381 0
3 -2459 0 -6917 0
3 -2688 0 -7155 0
3 -2487 0 -7248 0
3 -2299 0 -7132 0
3 -1957 0 -7183 0
3 -2002 0 -7066 0
3 -2707 0 -6986 0
3 -2767 0 -6665 0
3 -2584 0 -6104 0
3 -2142 0 -6132 0
3 -2244 0 -5847 0
3 -2427 0 -6439 0
3 -2427 0 -6496 0
3 -2942 0 -6353 0
3 -2771 0 -6760 0
3 -2904 0 -7044 0
3 -3029 0 -6303 0
3 -2790 0 -5926 0
3 -3242 0 -6039 0
3 -3320 0 -6721 0
3 -3222 0 -7248 0
3 -3518 0 -6958 0
3 -3157 0 -6811 0
3 -3259 0 -6971 0
3 -3720 0 -6957 0
3 -3399 0 -6146 0
3 -3311 0 -6357 0
3 -3339 0 -6556 0
3 -3126 0 -6629 0
3 -3709 0 -5885 0
3 -3671 0 -6260 0
3 -3864 0 -7018 0
3 -3815 0 -6146 0
3 -3873 0 -6911 0
3 -3883 0 -6747 0
3 -3815 0 -6418 0
3 -3868 0 -6519 0
3 -3639 0 -6699 0
3 -3486 0 -6563 0
3 -3840 0 -7300 0
3 -4079 0 -7495 0
3 -4293 0 -6911 0
3 -4156 0 -7262 0
3 -3864 0 -7333 0
3 -4381 0 -7052 0
3 -3818 0 -7119 0
3 -3591 0 -7166 0
3 -3456 0 -7224 0
3 -4050 0 -6689 0
3 -4286 0 -6695 0
3 -4009 0 -6936 0
3 -4146 0 -7075 0
3 -4072 0 -6366 0
3 -4118 0 -6247 0
3 -4434 0 -6947 0
3 -4397 0 -6952 0
3 -4278 0 -5983 0
3 -4125 0 -6034 0
3 -4207 0 -6164 0
3 -4354 0 -6499 0
3 -4262 0 -6273 0
3 -4605 0 -6629 0
3 -4699 0 -6716 0
3 -4691 0 -5904 0
3 -4472 0 -6292 0
3 -4564 0 -6832 0
3 -4749 0 -7158 0
3 -4545 0 -7209 0
3 -5148 0 -7187 0
3 -5081 0 -7208 0
3 -5274 0 -7164 0
3 -5718 0 -7144 0
3 -5718 0 -7144 0
3 -5928 0 -7140 0
3 -6479 0 -7143 0
3 -6888 0 -7033 0
3 -6992 0 -6915 0
3 -7119 0 -7256 0
3 -7203 0 -7185 0
3 -7225 0 -7137 0
3 -6318 0 -7173 0
3 -5596 0 -7204 0
3 -5162 0 -7036 0
3 -5100 0 -6667 0
3 -6008 0 -6889 0
3 -5998 0 -6908 0
3 -5016 0 -7000 0
3 -4759 0 -6968 0
3 -5044 0 -6346 0
3 -4841 0 -6240 0
3 -4587 0 -6280 0
3 -4596 0 -6000 0
3 -5016 0 -6086 0
3 -5137 0 -5954 0
3 -5441 0 -6445 0
3 -4951 0 -6546 0
3 -4659 0 -6457 0
3 -5016 0 -6905 0
3 -5460 0 -6824 0
3 -5682 0 -6665 0
3 -5790 0 -6962 0
3 -5830 0 -6907 0
3 -6444 0 -7071 0
3 -6558 0 -6713 0
3 -6991 0 -7159 0
3 -7261 0 -6976 0
3 -7098 0 -6844 0
3 -6517 0 -6940 0
3 -6352 0 -6890 0
3 -6301 0 -6585 0
3 -6958 0 -6767 0
3 -7272 0 -6729 0
3 -7163 0 -6501 0
3 -6372 0 -6542 0
3 -5605 0 -6530 0
3 -5527 0 -6124 0
3 -5889 0 -6590 0
3 -6230 0 -6846 0
3 -5938 0 -6418 0
3 -5849 0 -6065 0
3 -5614 0 -6219 0
3 -5364 0 -6234 0
3 -5213 0 -5960 0
3 -5450 0 -5787 0
3 -5800 0 -6002 0
3 -6189 0 -6384 0
3 -6600 0 -6283 0
3 -7044 0 -6274 0
3 -7130 0 -6303 0
3 -6895 0 -6576 0
3 -6683 0 -6595 0
3 -6579 0 -6150 0
3 -7141 0 -6088 0
3 -7174 0 -6080 0
3 -7261 0 -5989 0
3 -7098 0 -5887 0
3 -6589 0 -5883 0
3 -6517 0 -6038 0
3 -6301 0 -5924 0
3 -5899 0 -5808 0
3 -5800 0 -5529 0
3 -6108 0 -5641 0
3 -6219 0 -5664 0
3 -5751 0 -5364 0
3 -5830 0 -4970 0
3 -6230 0 -5297 0
3 -6527 0 -5620 0
3 -6991 0 -5582 0
3 -7195 0 -5574 0
3 -7261 0 -5643 0
3 -7055 0 -5733 0
3 -6715 0 -5551 0
3 -6715 0 -5237 0
3 -7228 0 -5268 0
3 -7283 0 -5171 0
3 -6926 0 -4809 0
3 -6506 0 -4914 0
3 -6230 0 -4769 0
3 -5899 0 -4455 0
3 -5761 0 -4523 0
3 -5889 0 -4809 0
3 -6230 0 -4958 0
3 -6600 0 -5084 0
3 -6905 0 -5032 0
3 -7206 0 -4875 0
3 -7359 0 -4644 0
3 -7381 0 -4848 0
3 -7012 0 -4683 0
3 -6662 0 -4601 0
3 -6652 0 -4602 0
3 -6475 0 -4323 0
3 -5800 0 -4004 0
3 -5595 0 -4372 0
3 -6209 0 -4225 0
3 -6301 0 -4554 0
3 -6291 0 -4613 0
3 -7294 0 -4580 0
3 -7447 0 -4390 0
3 -7076 0 -4370 0
3 -7087 0 -4515 0
3 -6916 0 -4240 0
3 -7348 0 -4161 0
3 -7217 0 -4158 0
3 -6820 0 -4311 0
3 -6455 0 -3609 0
3 -6342 0 -4059 0
3 -6621 0 -4441 0
3 -6589 0 -4084 0
3 -6018 0 -3947 0
3 -5780 0 -3669 0
3 -5948 0 -3575 0
3 -6139 0 -3749 0
3 -6078 0 -4099 0
3 -5869 0 -4145 0
3 -5643 0 -4012 0
3 -5741 0 -2808 0
3 -5978 0 -3158 0
3 -5869 0 -3283 0
3 -5938 0 -3002 0
3 -5643 0 -3258 0
3 -5780 0 -3586 0
3 -6331 0 -3408 0
3 -6455 0 -3621 0
3 -6589 0 -3919 0
3 -6926 0 -4072 0
3 -7087 0 -3887 0
3 -7304 0 -3830 0
3 -7294 0 -3839 0
3 -6852 0 -3533 0
3 -6662 0 -3341 0
3 -6852 0 -3737 0
3 -6757 0 -3736 0
3 -7012 0 -3049 0
3 -7087 0 -3661 0
3 -7206 0 -3571 0
3 -7250 0 -3462 0
3 -7239 0 -3265 0
3 -6715 0 -3235 0
3 -6465 0 -3151 0
3 -6331 0 -3088 0
3 -6028 0 -2823 0
3 -5958 0 -2511 0
3 -5702 0 -2512 0
3 -5605 0 -2573 0
3 -5556 0 -3045 0
3 -5692 0 -3048 0
3 -6610 0 -2862 0
3 -6496 0 -2963 0
3 -6118 0 -2334 0
3 -6527 0 -2804 0
3 -6799 0 -2796 0
3 -6291 0 -2675 0
3 -6270 0 -2683 0
3 -6569 0 -2445 0
3 -6884 0 -2711 0
3 -7337 0 -3047 0
3 -7348 0 -3048 0
3 -6841 0 -2455 0
3 -6455 0 -2177 0
3 -6159 0 -2205 0
3 -5869 0 -2190 0
3 -5624 0 -2195 0
3 -5624 0 -2144 0
3 -6169 0 -1865 0
3 -6715 0 -2273 0
3 -7130 0 -2558 0
3 -7315 0 -2856 0
3 -7109 0 -2196 0
3 -6209 0 -1739 0
3 -5830 0 -1711 0
3 -5624 0 -1831 0
3 -5869 0 -1857 0
3 -5938 0 -1990 0
3 -6209 0 -1617 0
3 -5859 0 -1249 0
3 -6683 0 -1785 0
3 -6537 0 -2022 0
3 -6108 0 -1774 0
3 -5663 0 -1481 0
3 -5663 0 -1540 0
3 -6048 0 -1500 0
3 -6403 0 -1485 0
3 -6455 0 -1782 0
3 -6424 0 -1969 0
3 -6905 0 -2265 0
3 -7359 0 -2636 0
3 -7359 0 -2502 0
3 -6916 0 -2276 0
3 -6757 0 -1849 0
3 -7152 0 -1855 0
3 -7261 0 -2054 0
3 -6958 0 -2108 0
3 -6799 0 -2037 0
3 -6991 0 -1652 0
3 -7239 0 -1578 0
3 -6916 0 -1434 0
3 -6362 0 -1431 0
3 -6179 0 -1311 0
3 -5770 0 -991 0
3 -6486 0 -1285 0
3 -6715 0 -1462 0
3 -6321 0 -1277 0
3 -6673 0 -1629 0
3 -6383 0 -1073 0
3 -6424 0 -837 0
3 -6018 0 -769 0
3 -5889 0 -826 0
3 -6048 0 -1029 0
3 -6088 0 -1093 0
3 -5770 0 -1177 0
3 -5450 0 -1084 0
3 -5643 0 -676 0
3 -5624 0 -371 0
3 -5830 0 -463 0
3 -6383 0 -583 0
3 -6600 0 -1058 0
3 -7261 0 -1318 0
3 -7087 0 -1215 0
3 -7044 0 -1169 0
3 -6778 0 -1017 0
3 -6905 0 -807 0
3 -7294 0 -1095 0
3 -7130 0 -871 0
3 -6673 0 -601 0
3 -6548 0 -458 0
3 -6434 0 -197 0
3 -6058 0 -265 0
3 -6118 0 -587 0
3 -6139 0 -718 0
3 -6600 0 -705 0
3 -6683 0 -754 0
3 -7055 0 -668 0
3 -7315 0 -797 0
3 -7152 0 -770 0
3 -6937 0 -454 0
3 -6863 0 -195 0
3 -7228 0 -469 0
3 -7109 0 -344 0
3 -6558 0 -189 0
3 -6683 0 -566 0
3 -6621 0 -266 0
3 -6291 0 94 0
3 -6018 0 -58 0
3 -5830 0 -176 0
3 -5527 0 -223 0
3 -6098 0 -6 0
3 -6301 0 -155 0
3 -5928 0 138 0
3 -5643 0 86 0
3 -5653 0 17 0
3 -6018 0 268 0
3 -6362 0 298 0
3 -6905 0 -138 0
3 -7174 0 -155 0
3 -7250 0 -143 0
3 -6799 0 167 0
3 -6673 0 257 0
3 -6937 0 201 0
3 -7174 0 146 0
3 -7141 0 345 0
3 -7141 0 355 0
3 -7283 0 559 0
3 -7261 0 848 0
3 -7272 0 883 0
3 -7261 0 882 0
3 -7120 0 840 0
3 -6916 0 470 0
3 -6642 0 448 0
3 -7001 0 809 0
3 -6841 0 783 0
3 -6589 0 746 0
3 -6958 0 691 0
3 -6444 0 730 0
3 -6169 0 667 0
3 -6383 0 556 0
3 -6393 0 555 0
3 -6048 0 600 0
3 -5751 0 484 0
3 -5663 0 347 0
3 -5909 0 349 0
3 -6018 0 475 0
3 -5751 0 768 0
3 -5731 0 770 0
3 -6219 0 782 0
3 -6424 0 943 0
3 -6757 0 1045 0
3 -7098 0 996 0
3 -7283 0 1125 0
3 -7174 0 1411 0
3 -7195 0 1688 0
3 -7195 0 1770 0
3 -7217 0 2315 0
3 -7217 0 2738 0
3 -7206 0 3202 0
3 -7195 0 3820 0
3 -7217 0 4769 0
3 -7250 0 5906 0
3 -7217 0 6810 0
3 -7304 0 7265 0
3 -7023 0 7228 0
3 -6589 0 7151 0
3 -6291 0 7292 0
3 -6455 0 7334 0
3 -6778 0 7348 0
3 -6486 0 7208 0
3 -6149 0 6905 0
3 -6424 0 6809 0
3 -6704 0 7004 0
3 -6621 0 6771 0
3 -6342 0 6559 0
3 -6199 0 6951 0
3 -6331 0 7047 0
3 -6465 0 6884 0
3 -6362 0 6461 0
3 -6139 0 6715 0
3 -6331 0 6798 0
3 -6694 0 6709 0
3 -6852 0 6799 0
3 -7012 0 7155 0
3 -7195 0 7055 0
3 -7250 0 7031 0
3 -7315 0 6770 0
3 -7294 0 6385 0
3 -7239 0 6349 0
3 -6980 0 6466 0
3 -7098 0 6663 0
3 -6991 0 6549 0
3 -6621 0 6388 0
3 -6342 0 6209 0
3 -6475 0 6292 0
3 -6240 0 6448 0
3 -5958 0 6300 0
3 -6149 0 6488 0
3 -6673 0 6626 0
3 -6631 0 6520 0
3 -6810 0 6387 0
3 -6820 0 6256 0
3 -6548 0 5947 0
3 -6139 0 6010 0
3 -6088 0 6095 0
3 -6240 0 6159 0
3 -6270 0 5923 0
3 -6260 0 5832 0
3 -6579 0 6031 0
3 -6799 0 6122 0
3 -7066 0 6075 0
3 -7228 0 6152 0
3 -7163 0 5950 0
3 -6746 0 5742 0
3 -7195 0 5530 0
3 -7304 0 5755 0
3 -7239 0 5595 0
3 -6991 0 5659 0
3 -6969 0 5841 0
3 -6884 0 5865 0
3 -6736 0 5467 0
3 -6455 0 5477 0
3 -6219 0 5739 0
3 -6548 0 5695 0
3 -6589 0 5759 0
3 -6008 0 5455 0
3 -6098 0 5571 0
3 -6321 0 5458 0
3 -6270 0 5284 0
3 -6068 0 5083 0
3 -6465 0 5207 0
3 -6757 0 5205 0
3 -6958 0 5462 0
3 -7098 0 5226 0
3 -7217 0 5017 0
3 -7076 0 4896 0
3 -7294 0 5155 0
3 -7392 0 4352 0
3 -7315 0 4174 0
3 -7326 0 3522 0
3 -7294 0 3005 0
3 -7326 0 2373 0
3 -7315 0 1701 0
3 -7283 0 1445 0
3 -7294 0 1341 0
3 -7272 0 2076 0
3 -7272 0 2086 0
3 -6905 0 2001 0
3 -7185 0 2492 0
3 -7098 0 2597 0
3 -6969 0 2734 0
3 -7066 0 3808 0
3 -6980 0 4574 0
3 -7012 0 4586 0
3 -6725 0 4848 0
3 -6820 0 4965 0
3 -6403 0 4952 0
3 -6240 0 4904 0
3 -6078 0 4826 0
3 -6372 0 4651 0
3 -6736 0 4565 0
3 -6455 0 4574 0
3 -6240 0 4446 0
3 -6506 0 4254 0
3 -6789 0 4171 0
3 -6413 0 4191 0
3 -6068 0 4113 0
3 -6631 0 3813 0
3 -6980 0 4196 0
3 -7076 0 4260 0
3 -6863 0 4376 0
3 -6715 0 3946 0
3 -6393 0 4040 0
3 -6506 0 3882 0
3 -6831 0 3643 0
3 -6455 0 3670 0
3 -6139 0 3688 0
3 -6139 0 3966 0
3 -5928 0 2750 0
3 -5859 0 2103 0
3 -5820 0 1556 0
3 -5780 0 1186 0
3 -5780 0 755 0
3 -5928 0 859 0
3 -6038 0 700 0
3 -6291 0 1004 0
3 -6506 0 1006 0
3 -6810 0 1488 0
3 -6863 0 1423 0
3 -6799 0 1265 0
3 -6240 0 1437 0
3 -6098 0 1328 0
3 -6038 0 1204 0
3 -6475 0 1250 0
3 -6548 0 1395 0
3 -6694 0 1567 0
3 -6948 0 1550 0
3 -6937 0 1969 0
3 -6475 0 1661 0
3 -6694 0 1941 0
3 -6757 0 1816 0
3 -6895 0 1788 0
3 -6383 0 1787 0
3 -6149 0 1682 0
3 -6028 0 1729 0
3 -6413 0 2096 0
3 -6579 0 1998 0
3 -6757 0 2070 0
3 -6159 0 1999 0
3 -6078 0 1954 0
3 -6291 0 2402 0
3 -6683 0 2215 0
3 -7023 0 2272 0
3 -7012 0 2364 0
3 -6631 0 2419 0
3 -6905 0 2807 0
3 -6991 0 3194 0
3 -6078 0 3410 0
3 -6028 0 3351 0
3 -6058 0 2875 0
3 -6199 0 2614 0
3 -5998 0 2492 0
3 -5889 0 2377 0
3 -6589 0 2582 0
3 -6831 0 2595 0
3 -6799 0 2576 0
3 -6331 0 3509 0
3 -5988 0 3617 0
3 -5839 0 4294 0
3 -5770 0 4938 0
3 -5721 0 5444 0
3 -5731 0 6208 0
3 -5780 0 7114 0
3 -6028 0 7266 0
3 -6189 0 7328 0
3 -5928 0 7341 0
3 -5810 0 7295 0
3 -5712 0 7300 0
3 -5547 0 7326 0
3 -5712 0 7066 0
3 -5909 0 6983 0
3 -6118 0 7169 0
3 -6129 0 7150 0
3 -5741 0 6884 0
3 -5624 0 7132 0
3 -5702 0 6703 0
3 -5879 0 6724 0
3 -5859 0 6437 0
3 -5741 0 6571 0
3 -5673 0 6182 0
3 -5770 0 5869 0
3 -6038 0 6060 0
3 -5938 0 5539 0
3 -6038 0 5606 0
3 -5751 0 5750 0
3 -5663 0 5781 0
3 -5928 0 5774 0
3 -5948 0 5924 0
3 -5761 0 5339 0
3 -5595 0 5201 0
3 -5849 0 5198 0
3 -5928 0 4524 0
3 -5790 0 4610 0
3 -5566 0 4671 0
3 -5731 0 3679 0
3 -5580 0 3140 0
3 -5558 0 2358 0
3 -5518 0 1593 0
3 -5578 0 1044 0
3 -5598 0 437 0
3 -5598 0 -58 0
3 -5588 0 -56 0
3 -5498 0 468 0
3 -5538 0 978 0
3 -5629 0 1486 0
3 -5699 0 1669 0
3 -5709 0 1937 0
3 -5518 0 1890 0
3 -5659 0 2209 0
3 -5791 0 2561 0
3 -5558 0 2610 0
3 -5488 0 2860 0
3 -5750 0 3021 0
3 -5852 0 3089 0
3 -5862 0 3039 0
3 -5679 0 2894 0
3 -5669 0 2815 0
3 -5965 0 3278 0
3 -5760 0 3450 0
3 -5578 0 3432 0
3 -5914 0 3579 0
3 -5842 0 3779 0
3 -5765 0 3798 0
3 -5612 0 4421 0
3 -5581 0 4560 0
3 -5230 0 5128 0
3 -5312 0 6020 0
3 -5353 0 6322 0
3 -5271 0 6628 0
3 -5281 0 6989 0
3 -5281 0 6989 0
3 -5219 0 7365 0
3 -5080 0 7328 0
3 -5022 0 7320 0
3 -4523 0 7312 0
3 -4401 0 7308 0
3 -4181 0 7307 0
3 -3951 0 7316 0
3 -3790 0 7313 0
3 -3630 0 7312 0
3 -3630 0 7312 0
3 -3410 0 7311 0
3 -3410 0 7311 0
3 -3410 0 7311 0
3 -3410 0 7311 0
3 -2769 0 7311 0
3 -2500 0 7313 0
3 -2319 0 7301 0
3 -2319 0 7301 0
3 -2319 0 7301 0
3 -1799 0 7290 0
3 -1799 0 7290 0
3 -1799 0 7290 0
3 -1339 0 7289 0
3 -1339 0 7289 0
3 -1339 0 7289 0
3 -1339 0 7289 0
3 -679 0 7279 0
3 -679 0 7279 0
3 -679 0 7279 0
3 -679 0 7279 0
3 -679 0 7279 0
3 -679 0 7279 0
3 -679 0 7279 0
3 1540 0 7075 0
3 1767 0 7128 0
3 2023 0 7123 0
3 2305 0 7115 0
3 2551 0 7111 0
3 2750 0 7109 0
3 3076 0 7117 0
3 3302 0 7114 0
3 3547 0 7110 0
3 3770 0 7114 0
3 3971 0 7109 0
3 4130 0 7118 0
3 4229 0 7117 0
3 4427 0 7116 0
3 4634 0 7124 0
3 4634 0 7124 0
3 4973 0 7123 0
3 5261 0 7131 0
3 5399 0 7130 0
3 5702 0 7113 0
3 5648 0 7070 0
3 5720 0 6906 0
3 5925 0 6634 0
3 5952 0 6632 0
3 6075 0 6709 0
3 6223 0 6656 0
3 6125 0 6676 0
3 6116 0 6376 0
3 6152 0 6252 0
3 5583 0 6590 0
3 5432 0 6781 0
3 5545 0 6813 0
3 5289 0 6537 0
3 4877 0 6667 0
3 5206 0 6775 0
3 5225 0 7035 0
3 5215 0 7132 0
3 5091 0 7276 0
3 5395 0 7369 0
3 5536 0 7253 0
3 5023 0 6679 0
3 4521 0 6764 0
3 4311 0 6360 0
3 4301 0 6729 0
3 4728 0 7059 0
3 4852 0 7369 0
3 4349 0 7310 0
3 4564 0 6963 0
3 4776 0 6496 0
3 4618 0 6207 0
3 4582 0 6617 0
3 4060 0 6487 0
3 3801 0 6651 0
3 4130 0 6809 0
3 3907 0 7008 0
3 3728 0 6835 0
3 3810 0 7508 0
3 4001 0 7223 0
3 3656 0 7209 0
3 3450 0 7244 0
3 3612 0 7270 0
3 3250 0 7395 0
3 3111 0 7237 0
3 3428 0 6687 0
3 3554 0 6700 0
3 3496 0 6595 0
3 3452 0 6736 0
3 3098 0 6865 0
3 3058 0 6620 0
3 2900 0 6786 0
3 2671 0 6825 0
3 2551 0 6615 0
3 3000 0 6432 0
3 2471 0 6623 0
3 2127 0 6750 0
3 2431 0 6830 0
3 2714 0 7264 0
3 2753 0 7290 0
3 2049 0 7263 0
3 1584 0 7236 0
3 1573 0 7257 0
3 1436 0 7256 0
3 717 0 7317 0
3 645 0 7260 0
3 1063 0 6911 0
3 1203 0 7178 0
3 1171 0 7191 0
3 1602 0 6789 0
3 1960 0 6660 0
3 1828 0 6887 0
3 1726 0 6211 0
3 1298 0 6490 0
3 770 0 6679 0
3 481 0 6704 0
3 199 0 6950 0
3 233 0 7012 0
3 1245 0 6574 0
3 1838 0 6437 0
3 2368 0 6278 0
3 2717 0 6352 0
3 2437 0 6519 0
3 1980 0 6332 0
3 1508 0 6178 0
3 934 0 6228 0
3 335 0 6522 0
3 -454 0 6750 0
3 -706 0 6752 0
3 -963 0 6764 0
3 -77 0 7019 0
3 38 0 7405 0
3 -135 0 7375 0
3 187 0 7173 0
3 -359 0 7144 0
3 244 0 6979 0
3 693 0 6901 0
3 626 0 7103 0
3 1031 0 7118 0
3 324 0 7374 0
3 560 0 7420 0
3 1181 0 7333 0
3 1298 0 7325 0
3 824 0 6712 0
3 817 0 6509 0
3 774 0 6402 0
3 -73 0 6451 0
3 53 0 6398 0
3 -203 0 6847 0
3 -145 0 6455 0
3 -845 0 6875 0
3 -724 0 6827 0
3 -1126 0 7153 0
3 -1087 0 6694 0
3 -1059 0 7158 0
3 -926 0 7270 0
3 -728 0 7344 0
3 -977 0 6589 0
3 -379 0 6382 0
3 -79 0 6301 0
3 491 0 6010 0
3 838 0 5962 0
3 204 0 6281 0
3 976 0 6129 0
3 1178 0 6117 0
3 436 0 6199 0
3 -508 0 6398 0
3 -1024 0 6352 0
3 -639 0 6095 0
3 -341 0 6091 0
3 -1228 0 6172 0
3 -1510 0 6177 0
3 -1570 0 6176 0
3 -1800 0 6176 0
3 -2143 0 6131 0
3 -2502 0 6129 0
3 -2683 0 6130 0
3 -2957 0 6112 0
3 -3129 0 6113 0
3 -3457 0 6076 0
3 -4026 0 6067 0
3 -5036 0 6508 0
3 -4899 0 6767 0
3 -4854 0 6930 0
3 -4652 0 7025 0
3 -4618 0 7033 0
3 -4021 0 6836 0
3 -4337 0 6668 0
3 -4282 0 7207 0
3 -3910 0 7185 0
3 -3526 0 7112 0
3 -3009 0 7102 0
3 -2366 0 7104 0
3 -1853 0 7035 0
3 -1467 0 6994 0
3 -1422 0 6823 0
3 -1341 0 6594 0
3 -1834 0 6386 0
3 -2778 0 6427 0
3 -3621 0 6385 0
3 -4182 0 6392 0
3 -4018 0 6284 0
3 -3505 0 6746 0
3 -3953 0 6704 0
3 -3738 0 6623 0
3 -3276 0 6987 0
3 -2999 0 6922 0
3 -3411 0 7115 0
3 -3091 0 7157 0
3 -3060 0 7334 0
3 -2629 0 6854 0
3 -2279 0 6818 0
3 -2012 0 6853 0
3 -1649 0 6692 0
3 -1834 0 6586 0
3 -2395 0 6317 0
3 -2269 0 6013 0
3 -2164 0 5972 0
3 -2472 0 6417 0
3 -3515 0 6250 0
3 -3091 0 6548 0
3 -3432 0 6621 0
3 -2939 0 6621 0
3 -3020 0 6665 0
3 -2679 0 6719 0
3 -2969 0 6384 0
3 -3193 0 6341 0
3 -3411 0 6257 0
3 -3866 0 6156 0
3 -4149 0 6121 0
3 -5055 0 5767 0
3 -5125 0 5821 0
3 -5196 0 5428 0
3 -5149 0 5063 0
3 -3808 0 5526 0
3 -2988 0 5798 0
3 -2439 0 5762 0
3 -1891 0 5824 0
3 -1517 0 5990 0
3 -2539 0 5799 0
3 -3801 0 5724 0
3 -4786 0 5216 0
3 -4799 0 5902 0
3 -4786 0 5782 0
3 -4007 0 5657 0
3 -4486 0 5781 0
3 -3669 0 5836 0
3 -3178 0 5768 0
3 -2800 0 5769 0
3 -2352 0 5535 0
3 -1580 0 5835 0
3 -1308 0 5978 0
3 -790 0 5766 0
3 -808 0 6198 0
3 -549 0 6084 0
3 -58 0 5639 0
3 443 0 5742 0
3 -128 0 5931 0
3 306 0 5947 0
3 1038 0 5624 0
3 1391 0 5768 0
3 1124 0 5730 0
3 1207 0 5897 0
3 2075 0 5892 0
3 1983 0 5952 0
3 2075 0 5923 0
3 2201 0 5949 0
3 2762 0 6097 0
3 2688 0 6205 0
3 3148 0 6237 0
3 3323 0 6413 0
3 3480 0 6411 0
3 3480 0 6411 0
3 4030 0 6310 0
3 4250 0 6206 0
3 4354 0 6152 0
3 4523 0 6117 0
3 3141 0 6244 0
3 3596 0 6122 0
3 3628 0 5971 0
3 3240 0 5990 0
3 2883 0 5796 0
3 2291 0 5707 0
3 2505 0 5842 0
3 1919 0 5648 0
3 1413 0 5464 0
3 2150 0 5516 0
3 3659 0 5631 0
3 4432 0 6056 0
3 4803 0 6067 0
3 5060 0 6265 0
3 5191 0 6324 0
3 4948 0 6265 0
3 5253 0 6364 0
3 5789 0 6337 0
3 5555 0 6490 0
3 5836 0 6090 0
3 6182 0 5901 0
3 6173 0 6063 0
3 6437 0 5419 0
3 6329 0 4800 0
3 6437 0 4443 0
3 6283 0 4168 0
3 5809 0 4871 0
3 5676 0 5495 0
3 4511 0 5820 0
3 3710 0 5485 0
3 3954 0 5741 0
3 4182 0 5817 0
3 3926 0 5947 0
3 4012 0 5961 0
3 4065 0 5743 0
3 4118 0 5415 0
3 4951 0 5687 0
3 5508 0 6010 0
3 5315 0 6113 0
3 5422 0 5221 0
3 5849 0 4455 0
3 6181 0 4005 0
3 6200 0 3684 0
3 6154 0 5375 0
3 6136 0 5508 0
3 5924 0 5683 0
3 5267 0 5804 0
3 5422 0 5755 0
3 6307 0 1876 0
3 6338 0 1575 0
3 6338 0 730 0
3 6462 0 494 0
3 6431 0 221 0
3 6431 0 10 0
3 6400 0 944 0
3 6307 0 1212 0
3 6493 0 646 0
3 6586 0 -132 0
3 6462 0 -650 0
3 6431 0 -833 0
3 6369 0 -1379 0
3 6431 0 -1617 0
3 6431 0 -1526 0
3 6524 0 -2333 0
3 6493 0 -2486 0
3 6462 0 -2971 0
3 6431 0 -4089 0
3 6431 0 -4209 0
3 6462 0 -5020 0
3 6493 0 -5589 0
3 6493 0 -5830 0
3 6431 0 -5958 0
3 6214 0 -6134 0
3 5838 0 -6088 0
3 5077 0 -6238 0
3 3180 0 -6056 0
3 2574 0 -6061 0
3 2743 0 -6137 0
3 6462 0 -4478 0
3 6400 0 -3096 0
3 6431 0 -2823 0
3 6338 0 -3585 0
3 6338 0 -3645 0
3 6369 0 -3974 0
3 4302 0 5166 0
3 3975 0 5388 0
3 1753 0 5393 0
3 -330 0 5394 0
3 -657 0 5400 0
3 -2099 0 5423 0
3 -3047 0 5337 0
3 -3587 0 5244 0
3 -3587 0 5379 0
3 -2894 0 5636 0
3 -1613 0 5481 0
3 564 0 5445 0
3 917 0 5374 0
3 1372 0 5303 0
3 2472 0 5602 0
3 3347 0 5429 0
3 3975 0 5294 0
3 4691 0 5406 0
3 4948 0 5555 0
1 3351 -5 5217 -90
1 1923 -5 5217 -90
1 476 -5 5217 -90
1 -969 -5 5216 -90
1 -2416 -5 5217 -90
1 -3688 -5 5219 -90
1 -5420 -5 2956 0
1 -5420 -5 1512 0
1 -5416 -5 78 0
1 -5416 -5 -1374 0
1 -5416 -5 -2831 0
1 -5416 -5 -4285 0
1 -5416 -5 -5002 0
1 -4693 -5 -5737 -90
1 -3250 -5 -5735 -90
1 -1804 -5 -5733 -90
1 -410 -5 -5718 90
1 1023 -5 -5715 90
1 2718 -5 -5964 -90
1 5522 -5 -5966 -90
3 4598 0 4834 0
3 4512 0 4882 0
3 4370 0 5004 0
3 4218 0 5145 0
3 4138 0 5222 0
3 3896 0 5250 0
3 3800 0 5246 0
3 3653 0 5248 0
3 3653 0 5248 0
3 3653 0 5248 0
3 3653 0 5248 0
3 3572 0 5237 0
3 3476 0 5250 0
3 3476 0 5250 0
3 3260 0 5255 0
3 3125 0 5258 0
3 3125 0 5258 0
3 2829 0 5256 0
3 2833 0 5255 0
3 2833 0 5255 0
3 2833 0 5255 0
3 2833 0 5255 0
3 2466 0 5251 0
3 2466 0 5251 0
3 2628 0 5253 0
3 2705 0 5248 0
3 2550 0 5241 0
3 2365 0 5240 0
3 2188 0 5246 0
3 2029 0 5249 0
3 2029 0 5249 0
3 2029 0 5249 0
3 1698 0 5264 0
3 1864 0 5261 0
3 1594 0 5269 0
3 1451 0 5259 0
3 1260 0 5285 0
3 1092 0 5282 0
3 967 0 5282 0
3 903 0 5274 0
3 732 0 5275 0
3 561 0 5282 0
3 326 0 5276 0
3 122 0 5280 0
3 -76 0 5280 0
3 -295 0 5270 0
3 -491 0 5275 0
3 -690 0 5278 0
3 -905 0 5276 0
3 -905 0 5276 0
3 -1093 0 5278 0
3 -1292 0 5278 0
3 -1513 0 5274 0
3 -1730 0 5277 0
3 -1962 0 5263 0
3 -2163 0 5261 0
3 -2413 0 5255 0
3 -2614 0 5266 0
3 -2868 0 5253 0
3 -3100 0 5263 0
3 -3353 0 5256 0
3 -3526 0 5257 0
3 -3686 0 5259 0
3 -3820 0 5268 0
3 -4022 0 5269 0
3 -4134 0 5265 0
3 -4248 0 5259 0
3 -4455 0 4771 0
3 -4449 0 4718 0
3 -4977 0 4138 0
3 -5373 0 3754 0
3 -5432 0 3714 0
3 -5459 0 3652 0
3 -5445 0 3555 0
3 -5448 0 3493 0
3 -5448 0 3311 0
3 -5451 0 3392 0
3 -5448 0 3255 0
3 -5448 0 3147 0
3 -5448 0 3005 0
3 -5451 0 3058 0
3 -5451 0 2892 0
3 -5448 0 2693 0
3 -5451 0 2775 0
3 -5440 0 2633 0
3 -5453 0 2530 0
3 -5451 0 2373 0
3 -5451 0 2226 0
3 -5448 0 2049 0
3 -5448 0 2145 0
3 -5448 0 2096 0
3 -5443 0 1917 0
3 -5453 0 2016 0
3 -5456 0 1969 0
3 -5448 0 1816 0
3 -5453 0 1659 0
3 -5453 0 1594 0
3 -5451 0 1414 0
3 -5459 0 1503 0
3 -5448 0 1361 0
3 -5461 0 1277 0
3 -5459 0 1217 0
3 -5461 0 1092 0
3 -5461 0 1092 0
3 -5461 0 1092 0
3 -5456 0 989 0
3 -5459 0 917 0
3 -5459 0 912 0
3 -5453 0 839 0
3 -5448 0 669 0
3 -5445 0 502 0
3 -5445 0 502 0
3 -5443 0 397 0
3 -5453 0 275 0
3 -5453 0 138 0
3 -5451 0 -20 0
3 -5448 0 -112 0
3 -5451 0 -297 0
3 -5456 0 -393 0
3 -5445 0 -594 0
3 -5443 0 -708 0
3 -5448 0 -792 0
3 -5451 0 -896 0
3 -5451 0 -1002 0
3 -5453 0 -1225 0
3 -5456 0 -1309 0
3 -5467 0 -1417 0
3 -5451 0 -1358 0
3 -5453 0 -1543 0
3 -5448 0 -1631 0
3 -5437 0 -1748 0
3 -5421 0 -1896 0
3 -5459 0 -1810 0
3 -5445 0 -1994 0
3 -5464 0 -1945 0
3 -5448 0 -2100 0
3 -5469 0 -2084 0
3 -5432 0 -2211 0
3 -5445 0 -2315 0
3 -5453 0 -2413 0
3 -5451 0 -2455 0
3 -5451 0 -2530 0
3 -5448 0 -2594 0
3 -5445 0 -2678 0
3 -5445 0 -2760 0
3 -5448 0 -2819 0
3 -5448 0 -2874 0
3 -5445 0 -2938 0
3 -5445 0 -3044 0
3 -5443 0 -3180 0
3 -5448 0 -3274 0
3 -5453 0 -3366 0
3 -5451 0 -3472 0
3 -5448 0 -3596 0
3 -5456 0 -3754 0
3 -5461 0 -3844 0
3 -5459 0 -3970 0
3 -5440 0 -4129 0
3 -5445 0 -4078 0
3 -5451 0 -4256 0
3 -5445 0 -4370 0
3 -5459 0 -4522 0
3 -5456 0 -4621 0
3 -5461 0 -4713 0
3 -5456 0 -4804 0
3 -5453 0 -4881 0
3 -5443 0 -4987 0
3 -5445 0 -5121 0
3 -5456 0 -5275 0
3 -5459 0 -5399 0
3 -5448 0 -5507 0
3 -5443 0 -5667 0
3 -5448 0 -5583 0
3 -5456 0 -5730 0
3 -5377 0 -5772 0
3 -5310 0 -5768 0
3 -5132 0 -5765 0
3 -5014 0 -5746 0
3 -5082 0 -5763 0
3 -4942 0 -5756 0
3 -4861 0 -5748 0
3 -4805 0 -5755 0
3 -4723 0 -5761 0
3 -4698 0 -5760 0
3 -4653 0 -5754 0
3 -4600 0 -5753 0
3 -4477 0 -5751 0
3 -4440 0 -5753 0
3 -4381 0 -5757 0
3 -4245 0 -5764 0
3 -4201 0 -5763 0
3 -4083 0 -5756 0
3 -4013 0 -5752 0
3 -3951 0 -5758 0
3 -3840 0 -5775 0
3 -3758 0 -5773 0
3 -3641 0 -5771 0
3 -3641 0 -5771 0
3 -3311 0 -5769 0
3 -3563 0 -5770 0
3 -3520 0 -5766 0
3 -3438 0 -5758 0
3 -3415 0 -5755 0
3 -3253 0 -5764 0
3 -3225 0 -5766 0
3 -3160 0 -5767 0
3 -3106 0 -5768 0
3 -3051 0 -5762 0
3 -2916 0 -5749 0
3 -2835 0 -5748 0
3 -2769 0 -5752 0
3 -2691 0 -5755 0
3 -2489 0 -5746 0
3 -2430 0 -5748 0
3 -2606 0 -5758 0
3 -2585 0 -5756 0
3 -2370 0 -5765 0
3 -2343 0 -5764 0
3 -2272 0 -5773 0
3 -2218 0 -5772 0
3 -2184 0 -5766 0
3 -2137 0 -5758 0
3 -2038 0 -5748 0
3 -1942 0 -5747 0
3 -1724 0 -5753 0
3 -1862 0 -5748 0
3 -1856 0 -5748 0
3 -1693 0 -5757 0
3 -1542 0 -5745 0
3 -1519 0 -5744 0
3 -1796 0 -5765 0
3 -1415 0 -5751 0
3 -1460 0 -5750 0
3 -1275 0 -5759 0
3 -1258 0 -5761 0
3 -1368 0 -5748 0
3 -1124 0 -5756 0
3 -1147 0 -5757 0
3 -1196 0 -5763 0
3 -1076 0 -5764 0
3 -1030 0 -5760 0
3 -901 0 -5755 0
3 -852 0 -5757 0
3 -704 0 -5759 0
3 -649 0 -5758 0
3 -597 0 -5759 0
3 -495 0 -5755 0
3 -248 0 -5757 0
3 -164 0 -5759 0
3 -401 0 -5754 0
3 -372 0 -5753 0
3 -315 0 -5750 0
3 -80 0 -5741 0
3 -24 0 -5747 0
3 60 0 -5751 0
3 135 0 -5749 0
3 199 0 -5748 0
3 326 0 -5748 0
3 375 0 -5744 0
3 469 0 -5731 0
3 607 0 -5735 0
3 660 0 -5743 0
3 714 0 -5745 0
3 823 0 -5751 0
3 905 0 -5754 0
3 974 0 -5760 0
3 986 0 -5752 0
3 1083 0 -5758 0
3 1122 0 -5767 0
3 1187 0 -5763 0
3 1286 0 -5744 0
3 1410 0 -5744 0
3 1479 0 -5755 0
3 1544 0 -5758 0
3 1623 0 -5761 0
3 1772 0 -5756 0
3 1684 0 -5758 0
3 1722 0 -5754 0
3 2032 0 -6047 0
3 2046 0 -5983 0
3 2103 0 -5982 0
3 2153 0 -5985 0
3 2177 0 -5988 0
3 2228 0 -5988 0
3 2278 0 -5994 0
3 2328 0 -5995 0
3 2428 0 -5989 0
3 2477 0 -5995 0
3 2564 0 -5995 0
3 2652 0 -5998 0
3 2778 0 -5999 0
3 2853 0 -6006 0
3 2714 0 -6007 0
3 2896 0 -5996 0
3 2966 0 -5992 0
3 2997 0 -5987 0
3 3111 0 -5991 0
3 3172 0 -5992 0
3 3052 0 -5977 0
3 3218 0 -5991 0
3 3310 0 -5997 0
3 3239 0 -5987 0
3 5166 0 -5988 0
3 5249 0 -5986 0
3 5299 0 -5987 0
3 5396 0 -5982 0
3 5517 0 -5983 0
3 5575 0 -5987 0
3 5639 0 -5990 0
3 5705 0 -5985 0
3 5446 0 -5992 0
1 6283 -5 -5201 0
1 6283 -5 -3746 0
1 6283 -5 -2314 0
1 6283 -5 -897 0
1 6283 -5 473 0
1 6284 -5 1914 -179
3 6325 0 2595 0
3 6310 0 2485 0
3 6310 0 2485 0
3 6310 0 2485 0
3 6310 0 2485 0
3 6315 0 2230 0
3 6315 0 2307 0
3 6300 0 2178 0
3 6305 0 2085 0
3 6320 0 1997 0
3 6310 0 1910 0
3 6305 0 1770 0
3 6305 0 1702 0
3 6305 0 1615 0
3 6300 0 1393 0
3 6300 0 1393 0
3 6300 0 1068 0
3 6310 0 1022 0
3 6310 0 1022 0
3 6310 0 1022 0
3 6310 0 922 0
3 6310 0 724 0
3 6310 0 590 0
3 6310 0 590 0
3 6320 0 392 0
3 6320 0 392 0
3 6320 0 392 0
3 6320 0 35 0
3 6320 0 0 0
3 6320 0 -346 0
3 6320 0 -460 0
3 6320 0 -460 0
3 6320 0 -725 0
3 6325 0 -889 0
3 6325 0 -889 0
3 6325 0 -889 0
3 6325 0 -1197 0
3 6325 0 -1237 0
3 6325 0 -1422 0
3 6320 0 -1480 0
3 6320 0 -1523 0
3 6320 0 -1523 0
3 6320 0 -1523 0
3 6320 0 -1523 0
3 6320 0 -1708 0
3 6330 0 -1626 0
3 6320 0 -1751 0
3 6315 0 -1829 0
3 6320 0 -1921 0
3 6320 0 -2018 0
3 6320 0 -2183 0
3 6315 0 -2328 0
3 6320 0 -2459 0
3 6320 0 -2590 0
3 6325 0 -2697 0
3 6330 0 -2861 0
3 6325 0 -2958 0
3 6325 0 -3133 0
3 6325 0 -3268 0
3 6320 0 -3361 0
3 6320 0 -3574 0
3 6315 0 -3627 0
3 6320 0 -3874 0
3 6320 0 -3903 0
3 6330 0 -4077 0
3 6325 0 -4121 0
3 6310 0 -3797 0
3 6310 0 -3730 0
3 6341 0 -4311 0
3 6330 0 -4234 0
3 6336 0 -4457 0
3 6330 0 -4496 0
3 6341 0 -4670 0
3 6341 0 -4815 0
3 6341 0 -4994 0
3 6341 0 -5159 0
3 6330 0 -5334 0
3 6320 0 -5476 0
3 6320 0 -5621 0
3 6305 0 -5745 0
3 6310 0 -5870 0
3 6315 0 -5927 0
3 6320 0 -5946 0
2 4598 50 -5724 0
2 4742 50 -5392 0
2 4999 50 -5470 -45
2 5137 50 -5737 -90
2 5234 50 -5557 -90
2 5439 50 -5762 -90
2 5959 50 -5683 -90
2 5726 50 -5764 -90
2 5923 50 -5347 -90
2 5639 50 -5486 -90
2 5401 50 -5374 -135
2 5107 50 -5194 -135
2 4869 50 -5149 -135
2 3820 50 -2077 -135
2 4017 50 -2226 -135
2 3667 50 -2310 -135
2 4774 50 3586 -135
2 4588 50 4225 -135
2 4745 50 4027 -135
2 2584 50 3464 -135
2 2489 50 3706 -135
2 1781 50 3408 -135
2 1669 50 3530 -135
2 1634 50 3318 -135
2 -3329 50 4988 -135
2 -3329 50 4724 -135
2 -3492 50 4908 -135
2 -3813 50 2579 -135
2 -3723 50 2107 -135
2 -3629 50 2357 -135
2 -3903 50 2306 -135
2 -3436 50 1032 -135
2 -2550 50 692 -135
2 -2444 50 495 -135
2 -2703 50 512 -135
2 -2402 50 -33 -135
2 -2575 50 -191 -135
2 -2361 50 -290 -135
2 -1497 50 -1153 -135
2 -1208 50 -2104 -135
2 -1230 50 -2315 -135
2 1283 50 -2117 -135
2 1202 50 -2323 -135
2 1419 50 -2292 -135
2 1454 50 -3453 -135
2 1528 50 -3787 -135
2 1304 50 -3632 -135
2 1503 50 -3608 -135
2 2573 50 -3568 -135
2 2509 50 -3808 -135
2 2783 50 -3757 -135
2 3609 50 -4206 -135
2 2519 50 -336 -135
2 2448 50 -561 -135
2 2306 50 -302 -135
2 3629 50 1198 -135
2 3764 50 950 -135
2 3848 50 1174 -135
2 4045 50 1193 -135
2 5071 50 51 -135
2 5154 50 -135 -135
2 5159 50 -405 -135
2 5173 50 -2765 -135
2 -5276 50 -5594 -135
2 -5260 50 -5303 -135
2 -5226 50 -5012 -135
2 -5243 50 -4614 -135
2 -5226 50 -4145 -135
2 -5276 50 -4354 -135
2 -4864 50 -4250 -135
2 -5011 50 -4696 -135
2 -4896 50 -4936 -135
2 -4962 50 -5337 -135
2 -4880 50 -5549 -135
2 -4490 50 -5519 -135
2 -4684 50 -5303 -135
2 -4233 50 -5553 -135
2 -4345 50 -5305 -135
2 -4426 50 -5189 -135
2 -4603 50 -4821 -135
2 -4717 50 -4570 -135
2 -3838 50 4964 -135
2 -3449 50 4473 -135
2 -3791 50 4477 -135
2 -3916 50 4533 -135
2 -3775 50 4755 -135
2 -4202 50 4476 -135
2 -4913 50 3896 -135
2 -5143 50 3647 -135
2 -2794 50 4951 -135
2 6137 50 2064 -135
2 6127 50 1802 -135
2 6127 50 1474 -135
2 5926 50 1193 -135
2 5852 50 846 -135
2 6074 50 635 -135
2 6116 50 -1366 -135
2 6074 50 -3886 -135
2 5443 50 -4270 -135
2 2778 50 5073 -135
2 2098 50 5086 -135
2 2422 50 5094 -135
2 2851 50 4779 -135
2 2397 50 4825 -135
2 1858 50 4896 -135
2 -1375 50 -3908 -135
2 -3537 50 -2334 -135
2 -3991 50 -273 -135
2 -4646 50 -1680 -135
2 -3205 50 -4318 -135
2 -2301 50 -4993 -135
2 -2479 50 -4626 -135
2 -8 50 3537 -135
2 -345 50 3593 -135
2 -142 50 3294 -135
4 3110 0 2930 0
4 3158 0 2422 0
4 2535 0 2798 0
4 1455 0 -2300 0
4 1140 0 -3448 0
4 -3005 0 4903 0
4 -3387 0 4912 0
4 -3906 0 4910 0
4 -3403 0 4711 0
4 -4071 0 4533 0
4 -3825 0 4340 0
4 -3452 0 4202 0
4 -2990 0 4526 0
4 3949 0 4869 0
4 6125 0 -5577 0
4 -4203 0 -4829 0
4 -2121 0 244 0
4 5198 0 -803 0
4 5328 0 -1294 0
4 5198 0 -1639 0
4 3833 0 -3448 0
4 -5140 31 -59 0
4 -5207 31 -1020 0
4 -5025 31 -1391 0
4 -5223 31 -1638 0
4 -5173 31 298 0
4 -5223 31 822 0
4 -5173 31 1452 0
4 1077 31 3681 0
4 -1723 31 3277 0
4 -1709 31 -3829 0
4 160 31 -4857 0
4 3057 31 -4983 0
4 5229 31 2277 0
4 4641 31 -4645 0
4 -5091 31 -2748 0
4 -4763 31 -2453 0
1 5764 -5 4429 -45
1 -5338 -5 3647 179
5 -5030 0 1665 0
5 -4963 0 1373 0
5 -4880 0 1496 0
5 -4896 0 1635 0
5 -4947 0 1746 0
5 -4515 0 4380 0
5 -4107 0 4199 0
5 -3531 0 3996 0
5 -3374 0 4065 0
5 -3108 0 4153 0
5 -2784 0 4618 0
5 -2495 0 3989 0
5 -3326 0 3821 0
5 2478 0 4790 0
5 2065 0 3450 0
5 1268 0 2975 0
5 -70 0 2663 0
5 497 0 1972 0
5 1251 0 2122 0
5 2455 0 1920 0
5 3563 0 392 0
5 1438 0 -1329 0
5 -553 0 -2257 0
5 -2444 0 -2786 0
5 -2347 0 -1989 0
5 -1848 0 -1601 0
5 -1303 0 -1845 0
5 -1202 0 -2282 0
5 -1222 0 -2380 0
5 -1182 0 -3756 0
5 -1172 0 -4313 0
5 -1333 0 -4681 0
5 -544 0 -4712 0
5 161 0 -4390 0
5 1079 0 -4619 0
5 1647 0 -4915 0
5 2392 0 -4540 0
5 2711 0 -3701 0
5 3454 0 -3786 0
5 4060 0 -4204 0
5 4123 0 -4244 0
5 3039 0 -2546 0
5 2642 0 -2453 0
5 2000 0 -2571 0
5 2415 0 -2896 0
5 2819 0 -2823 0
5 2580 0 -2568 0
5 2463 0 -2751 0
5 2918 0 -2727 0
5 2657 0 -2712 0
5 2688 0 -2701 0
5 2880 0 -2381 0
5 3016 0 -2783 0
5 2948 0 -3064 0
5 2392 0 -3116 0
5 2842 0 -2995 0
5 3166 0 -2983 0
5 3337 0 -2863 0
5 2788 0 -3002 0
5 2626 0 -3054 0
5 2788 0 -2834 0
5 3344 0 -2780 0
5 3233 0 -2606 0
5 3099 0 -2516 0
5 2865 0 -2604 0
5 2834 0 -2478 0
5 3084 0 -2291 0
5 2834 0 -2203 0
5 2688 0 -2310 0
5 2455 0 -2582 0
5 2384 0 -2714 0
5 2305 0 -3189 0
5 2849 0 -3276 0
5 3144 0 -3151 0
5 3351 0 -2981 0
5 3366 0 -2897 0
5 3129 0 -2829 0
5 2849 0 -2918 0
5 2556 0 -2801 0
5 2455 0 -2891 0
5 2415 0 -3236 0
5 2849 0 -3375 0
5 3159 0 -3292 0
5 3373 0 -3052 0
5 3447 0 -2774 0
5 3241 0 -2230 0
5 3001 0 -2209 0
5 2765 0 -2195 0
5 2415 0 -2672 0
5 2368 0 -3041 0
5 -2006 0 -1729 0
5 -1702 0 -1707 0
5 -1620 0 -1913 0
5 -1630 0 -1923 0
5 -1817 0 -1751 0
5 -1953 0 -1940 0
5 -1932 0 -1911 0
5 -1702 0 -1884 0
5 -1796 0 -1945 0
5 -1796 0 -1945 0
5 -914 0 -4455 0
5 -1152 0 -4310 0
5 -884 0 -4156 0
5 -1293 0 -4087 0
5 -1222 0 -4138 0
5 -1476 0 -4651 0
5 -1052 0 -4521 0
5 -362 0 591 0
5 1165 0 1658 0
5 2595 0 1245 0
5 2313 0 2113 0
5 2217 0 2267 0
5 2788 0 2645 0
5 2834 0 2718 0
5 2979 0 2707 0
5 2979 0 2578 0
5 2948 0 2572 0
5 2895 0 2546 0
5 2665 0 2677 0
5 2688 0 2737 0
5 2819 0 2772 0
5 2910 0 2765 0
5 2979 0 2744 0
5 2880 0 2653 0
5 2872 0 2623 0
5 2688 0 2591 0
5 2735 0 2542 0
5 2811 0 2498 0
5 3151 0 2663 0
5 3534 0 4713 0
5 3628 0 4780 0
5 2849 0 4864 0
5 2765 0 4854 0
5 2517 0 4815 0
5 2161 0 4822 0
5 2000 0 4807 0
5 1763 0 4739 0
5 1572 0 4695 0
5 1387 0 4666 0
5 -2499 0 4810 0
5 -2499 0 4865 0
5 -2197 0 4826 0
5 -1963 0 4796 0
5 -1764 0 4788 0
5 -1344 0 4759 0
5 -1263 0 4757 0
5 -728 0 4764 0
5 -544 0 4748 0
5 -88 0 4696 0
5 425 0 4668 0
5 560 0 4674 0
5 1062 0 4735 0
5 1191 0 4741 0
5 4003 0 4469 0
5 4240 0 4552 0
5 4673 0 4499 0
5 4899 0 4210 0
5 5282 0 3773 0
5 5534 0 3618 0
5 5470 0 3898 0
5 5253 0 4133 0
5 5129 0 4180 0
5 4996 0 3852 0
5 5165 0 3861 0
5 5304 0 3986 0
5 5520 0 3863 0
5 5802 0 3682 0
5 5788 0 3458 0
5 5555 0 3535 0
5 5391 0 3804 0
5 5304 0 3607 0
5 5297 0 3556 0
5 4914 0 3673 0
5 4505 0 4392 0
5 4497 0 4401 0
5 4535 0 3876 0
5 4861 0 1764 0
5 4240 0 1281 0
5 4209 0 1033 0
5 4764 0 594 0
5 5376 0 -2794 0
5 5318 0 -3357 0
5 5129 0 -3898 0
5 5092 0 -4171 0
5 5391 0 -4593 0
5 5297 0 -4069 0
5 5311 0 -3912 0
5 5420 0 -3783 0
5 5195 0 -3527 0
5 5173 0 -3708 0
5 5260 0 -3887 0
5 5384 0 -3668 0
5 5420 0 -3606 0
5 5477 0 -3513 0
5 5570 0 -3410 0
5 5376 0 -3291 0
5 5347 0 -3293 0
5 5448 0 -3042 0
5 5498 0 -2914 0
5 -3709 0 1798 0
4 -2906 0 1860 0
5 -3182 0 1672 0
5 -2877 0 1573 0
5 -3073 0 1583 0
5 -3252 0 1514 0
5 -2916 0 1465 0
5 -1524 0 -1711 0
5 -1444 0 -1891 0
5 -1444 0 -2031 0
5 -1650 0 -2085 0
5 -1858 0 -2114 0
5 -1986 0 -2117 0
5 31 0 -2204 0
5 -1391 0 1585 0
5 -1641 0 2255 0
5 -1950 0 2377 0
5 -1904 0 2246 0
5 -1758 0 2361 0
5 -1740 0 2143 0
5 -1794 0 2233 0
5 -1659 0 2440 0
5 -1849 0 2448 0
5 -1831 0 2495 0
5 -1488 0 2418 0
5 -1471 0 2366 0
5 -1462 0 2159 0
5 -1515 0 2034 0
5 -1587 0 2141 0
5 -1813 0 2052 0
5 -1904 0 2146 0
5 1243 0 2056 0
5 1140 0 2054 0
5 1177 0 2147 0
5 1295 0 2921 0
5 1177 0 2858 0
5 1162 0 3025 0
5 1170 0 1803 0
5 1214 0 1708 0
5 1287 0 1647 0
5 1243 0 1749 0
5 1309 0 1809 0
5 1280 0 1752 0
5 1148 0 1588 0
5 1103 0 1728 0
5 1111 0 1772 0
2 1014 50 1942 0
2 1346 50 1544 0
2 1447 50 1948 0
2 -2051 50 -2303 0
2 -2200 50 3209 0
2 1236 50 -2105 0
5 1512 0 -1343 0
5 1433 0 -1432 0
5 1368 0 -1350 0
5 1447 0 -1217 0
5 1505 0 -1203 0
5 1548 0 -1262 0
5 1584 0 -1307 0
5 1462 0 -1276 0
5 1389 0 -1283 0
5 -1471 0 -1703 0
5 -1560 0 -1819 0
5 -1803 0 -1830 0
5 -1977 0 -1824 0
5 -3153 0 -666 0
5 -3262 0 -951 0
5 -3073 0 -1171 0
5 -3143 0 -823 0
5 -3282 0 -785 0
5 -3044 0 -955 0
5 -3093 0 -755 0
5 -3272 0 -881 0
5 -3192 0 -1179 0
5 -2926 0 -931 0
5 -3192 0 -605 0
5 -3403 0 -914 0
5 -1382 0 -1750 0
5 -1426 0 -1788 0
5 -1375 0 -1798 0
5 -1983 0 431 0
5 -1965 0 388 0
5 -1954 0 346 0
5 -1902 0 346 0
5 -1908 0 398 0
5 -1937 0 467 0
5 -2006 0 485 0
5 -1965 0 516 0
5 -765 0 -4467 0
5 -735 0 -4500 0
5 -670 0 -4541 0
5 -690 0 -4488 0
5 -705 0 -4414 0
5 -2745 0 -2892 0
5 -2757 0 -2951 0
5 -2814 0 -2902 0
5 833 0 -3762 0
5 779 0 -3643 0
5 783 0 -3560 0
5 800 0 -3710 0
5 733 0 -3685 0
5 720 0 -3629 0
5 728 0 -3563 0
5 762 0 -3501 0
5 1604 0 -2143 0
5 1624 0 -2208 0
5 2784 0 2458 0
5 2718 0 2462 0
5 2656 0 2516 0
5 2606 0 2563 0
5 1189 0 3611 0
5 1194 0 3558 0
5 1239 0 3595 0
5 828 0 3590 0
5 -1877 0 3509 0
5 -1944 0 3472 0
5 -760 0 4949 0
5 -796 0 4930 0
5 -728 0 4911 0
5 937 0 3928 0
5 3704 0 4731 0
5 3773 0 4731 0
5 3756 0 4667 0
5 5110 0 2470 0
5 5076 0 2422 0
5 5046 0 2467 0
5 5084 0 2019 0
5 4998 0 -742 0
5 4915 0 -804 0
5 4928 0 -732 0
5 4998 0 -1547 0
5 5046 0 -1582 0
5 4981 0 -1642 0
5 4506 0 -4542 0
5 4483 0 -4609 0
5 4418 0 -4670 0
5 3678 0 -3300 0
5 3644 0 -3369 0
5 3554 0 -3399 0
5 3551 0 -3681 0
5 3067 0 -4715 0
5 2969 0 -4730 0
5 2924 0 -4826 0
5 2906 0 -4896 0
5 879 0 -4710 0
5 915 0 -4715 0
5 879 0 -4763 0
5 837 0 -5420 0
5 -1860 0 -5376 0
5 -4194 0 -4776 0
5 -4797 0 -2426 0
5 -4996 0 148 0
5 -5093 0 658 0
5 -4970 0 267 0
5 -4938 0 194 0
5 -5100 0 598 0
5 -5021 0 -240 0
5 -5086 0 -340 0
5 -4944 0 -330 0
2 -4976 50 1097 0
2 -4925 50 -807 0
2 -4854 50 -1089 0
2 -4671 50 -913 0
2 -4873 50 502 0
2 -4753 50 336 0
6 2631 0 2383 0
6 2666 0 2248 0
6 2678 0 2329 0
7 2793 0 2625 0
7 2960 0 2709 0
7 1241 0 1789 0
7 2186 0 3318 0
7 -183 0 3483 0
7 5097 0 -1116 -45
7 1630 0 -3015 -45
7 1786 0 -3134 -45
7 1890 0 -2905 -45
7 -1684 0 -1907 -45
7 -2797 0 183 -45
7 -2987 0 -4619 -45
7 -4608 0 4808 -45
7 -4867 0 4732 -45
7 -4834 0 4349 -45
7 -4834 0 -382 -45
7 5040 0 2502 -45
7 5622 0 -5192 -45
7 5381 0 -5140 -45
7 4384 0 -4590 -45
7 3557 0 -3298 -45
7 4318 0 -361 -45
7 3060 0 -406 -45
7 3071 0 -484 -45
7 3136 0 -430 -45
7 2062 0 3476 -45
7 1430 0 4876 -45
7 1285 0 4832 -45
7 1396 0 4761 -45
6 1379 0 -1980 0
6 1430 0 -1960 0
6 1379 0 -1892 0
6 3688 0 -3320 0
6 3659 0 -3398 0
6 3587 0 -3365 0
6 842 0 -3316 0
6 878 0 -3393 0
6 913 0 -3314 0
6 -179 0 -4751 0
6 -131 0 -4827 0
6 -94 0 -4694 0
6 -1998 0 -3775 0
6 -1924 0 -3666 0
6 -1819 0 -3581 0
6 -1946 0 128 0
6 -1516 0 3179 0
6 -1924 0 3073 0
6 759 0 3868 0
6 2248 0 -571 0
6 2311 0 -631 0
6 1544 0 1720 0
6 1560 0 1632 0
6 1626 0 1684 0
6 3561 0 1027 0
6 3869 0 -2393 0
6 5000 0 -1021 0
6 4992 0 -1302 0
6 4935 0 -1548 0
6 5057 0 2087 0
6 5178 0 2019 0
6 5064 0 1976 0
6 4123 0 4734 0
6 3552 0 924 0
6 3625 0 -2133 0
6 -2742 0 4566 0
6 -2772 0 4474 0
6 -2742 0 4400 0
6 -2842 0 4397 0
6 -3322 0 4100 0
6 -3322 0 3984 0
6 -3250 0 4011 0
6 -4937 0 1682 0
6 -4926 0 1572 0
6 -4860 0 1641 0
6 -5047 0 663 0
6 -4839 0 -351 0
6 -4324 0 -4612 0
6 -4219 0 -4556 0
6 -4094 0 -4711 0
6 -4612 0 -2594 0
6 -2552 0 95 0
6 -2060 0 533 0
6 2833 0 -4923 0
6 4844 0 -4538 0
7 2734 0 -2013 0
7 2686 0 -2091 0
7 2650 0 -2027 0
7 2063 0 703 0
7 -378 0 -3048 0
7 -237 0 -3070 0
7 -360 0 -3272 0
7 634 0 -3568 0
7 -981 0 1416 0
7 -1715 0 -360 0
